# 99999

Input:
[[0.         0.         0.         0.         0.         0.9
  0.         0.        ]
 [1.         0.         0.         0.72222222 0.5        0.45
  0.58823529 0.68421053]
 [0.         1.         0.82352941 0.55555556 0.65       0.
  0.         0.        ]
 [0.         0.         0.94117647 0.94444444 0.65       0.55
  0.76470588 0.84210526]
 [0.         0.         0.         0.         0.         0.
  0.         0.        ]
 [0.70588235 0.         0.         1.         0.         0.
  0.         1.        ]
 [0.         0.         1.         0.         0.         0.
  0.         0.        ]
 [0.52941176 0.3        0.52941176 0.         0.         1.
  0.         0.        ]
 [0.94117647 0.         0.         0.         0.         0.
  1.         0.57894737]
 [0.         0.         0.         0.         0.         0.
  0.64705882 0.42105263]
 [0.94117647 0.         0.         0.66666667 0.95       0.
  0.         0.        ]
 [0.         0.         0.52941176 0.         0.         0.5
  0.64705882 0.        ]
 [0.         0.6        0.         0.         0.7        0.9
  0.         0.        ]
 [0.76470588 0.         0.         0.66666667 0.5        0.45
  0.         0.        ]
 [0.35294118 0.2        0.35294118 0.         0.         0.
  0.         0.        ]
 [0.         0.         0.         0.33333333 0.2        0.15
  0.23529412 0.31578947]
 [0.29411765 0.15       0.29411765 0.         0.         0.
  0.         0.        ]
 [0.         0.         0.         0.         1.         0.5
  0.         0.        ]
 [0.64705882 0.5        0.41176471 0.         0.         0.
  0.         0.        ]
 [0.94117647 0.         0.         1.         0.9        0.
  0.         0.        ]
 [0.58823529 0.         0.         0.         0.         0.
  0.82352941 0.47368421]
 [0.         0.         0.         0.33333333 0.3        0.45
  0.58823529 0.52631579]
 [0.         0.6        0.         0.         0.         0.6
  0.47058824 0.42105263]
 [0.         0.         0.         0.         0.         0.
  0.70588235 0.63157895]
 [0.         0.         0.         0.17221627 0.08009147 0.03764671
  0.09223582 0.1602766 ]
 [0.         0.         0.         0.24649611 0.13647223 0.09058037
  0.15856486 0.23064092]
 [0.         0.         0.         0.2525807  0.12583172 0.06546004
  0.10987726 0.16364124]]
Actual Output:
[[0.83333333]
 [0.83333333]
 [0.66666667]
 [0.5       ]
 [0.16666667]
 [0.16666667]
 [0.5       ]
 [0.5       ]
 [0.33333333]
 [0.33333333]
 [0.66666667]
 [0.33333333]
 [0.5       ]
 [0.83333333]
 [0.16666667]
 [0.5       ]
 [0.66666667]
 [0.5       ]
 [0.16666667]
 [0.66666667]
 [0.5       ]
 [0.33333333]
 [0.5       ]
 [0.33333333]
 [0.83333333]
 [0.83333333]
 [0.33333333]]
Predicted Output:
[[0.87810388]
 [0.9996181 ]
 [0.78540688]
 [0.56693575]
 [0.13965614]
 [0.18837182]
 [0.51734555]
 [0.5641203 ]
 [0.3875893 ]
 [0.38211448]
 [0.66025605]
 [0.3859064 ]
 [0.61335997]
 [0.84690258]
 [0.30544441]
 [0.60902903]
 [0.58762469]
 [0.55571225]
 [0.17718219]
 [0.69034626]
 [0.54908074]
 [0.38084286]
 [0.6010502 ]
 [0.38431667]
 [0.88244483]
 [0.82170267]
 [0.38287845]]
Loss:
0.0051354957331109135


Predicted data based on trained weights:
Input (scaled):
[0.95452813 0.64255381 0.         1.         0.8404271  0.
 0.         0.        ]
Output:
[0.97158001]

Process finished with exit code 0