# 99999

Input:
[[0.         0.         0.         0.         0.         0.9
  0.         0.        ]
 [1.         0.         0.         0.72222222 0.5        0.45
  0.58823529 0.68421053]
 [0.         1.         0.81552717 0.55555556 0.65       0.
  0.         0.        ]
 [0.         0.         0.93203105 0.94444444 0.65       0.55
  0.76470588 0.84210526]
 [0.         0.         0.         0.         0.         0.
  0.         0.        ]
 [0.70588235 0.         0.         1.         0.         0.
  0.         1.        ]
 [0.         0.         0.99028299 0.         0.         0.
  0.         0.        ]
 [0.52941176 0.3        0.52426747 0.         0.         1.
  0.         0.        ]
 [0.94117647 0.         0.         0.         0.         0.
  1.         0.57894737]
 [0.         0.         0.         0.         0.         0.
  0.64705882 0.42105263]
 [0.94117647 0.         0.         0.66666667 0.95       0.
  0.         0.        ]
 [0.         0.         0.52426747 0.         0.         0.5
  0.64705882 0.        ]
 [0.         0.6        0.         0.         0.7        0.9
  0.         0.        ]
 [0.76470588 0.         0.         0.66666667 0.5        0.45
  0.         0.        ]
 [0.35294118 0.2        0.34951164 0.         0.         0.
  0.         0.        ]
 [0.         0.         0.         0.33333333 0.2        0.15
  0.23529412 0.31578947]
 [0.29411765 0.15       0.2912597  0.         0.         0.
  0.         0.        ]
 [0.         0.         0.         0.         1.         0.5
  0.         0.        ]
 [0.64705882 0.5        0.40776359 0.         0.         0.
  0.         0.        ]
 [0.94117647 0.         0.         1.         0.9        0.
  0.         0.        ]
 [0.58823529 0.         0.         0.         0.         0.
  0.82352941 0.47368421]
 [0.         0.         0.         0.33333333 0.3        0.45
  0.58823529 0.52631579]
 [0.         0.6        0.         0.         0.         0.6
  0.47058824 0.42105263]
 [0.         0.         0.         0.         0.         0.
  0.70588235 0.63157895]
 [0.         0.         0.         0.17221627 0.08009147 0.03764671
  0.09223582 0.1602766 ]
 [0.         0.         0.         0.24649611 0.13647223 0.09058037
  0.15856486 0.23064092]
 [0.         0.         0.         0.2525807  0.12583172 0.06546004
  0.10987726 0.16364124]
 [0.         0.         1.         0.90024592 0.         0.
  0.         0.        ]
 [0.70801115 0.         0.         0.         0.97339522 0.
  0.         0.        ]
 [0.41126258 0.46191754 0.         0.         0.         0.
  0.         0.        ]
 [0.40552952 0.40252817 0.         0.34031697 0.3659384  0.6643319
  0.         0.        ]
 [0.         0.89733127 0.         0.         0.         0.
  0.         0.        ]]
Actual Output:
[[0.83333333]
 [0.83333333]
 [0.66666667]
 [0.5       ]
 [0.16666667]
 [0.16666667]
 [0.5       ]
 [0.5       ]
 [0.33333333]
 [0.33333333]
 [0.66666667]
 [0.33333333]
 [0.5       ]
 [0.83333333]
 [0.16666667]
 [0.5       ]
 [0.66666667]
 [0.5       ]
 [0.16666667]
 [0.66666667]
 [0.5       ]
 [0.33333333]
 [0.5       ]
 [0.33333333]
 [0.83333333]
 [0.83333333]
 [0.5       ]
 [0.16666667]
 [0.66666667]
 [0.66666667]
 [0.83333333]
 [0.16666667]]
Predicted Output:
[[0.84469643]
 [0.91366615]
 [0.65551928]
 [0.55618116]
 [0.20370065]
 [0.19203236]
 [0.53630088]
 [0.53648807]
 [0.3739515 ]
 [0.39186874]
 [0.66699076]
 [0.29974135]
 [0.50000018]
 [0.9134248 ]
 [0.31293981]
 [0.57344515]
 [0.58222656]
 [0.48115547]
 [0.10522871]
 [0.67035891]
 [0.53006231]
 [0.37779454]
 [0.49194313]
 [0.36939138]
 [0.90974435]
 [0.77326779]
 [0.55816027]
 [0.18765539]
 [0.68070998]
 [0.62756989]
 [0.83891696]
 [0.24034164]]
Loss:
0.0028096969489786244


Predicted data based on trained weights:
Input (scaled):
[0.95452813 0.64255381 0.         1.         0.8404271  0.
 0.         0.        ]
Output:
[0.57297961]

Process finished with exit code 0