# 99999

Input:
[[0.         0.         0.         0.         0.         0.9
  0.         0.        ]
 [1.         0.         0.         0.72222222 0.5        0.45
  0.58823529 0.68421053]
 [0.         1.         0.81552717 0.55555556 0.65       0.
  0.         0.        ]
 [0.         0.         0.93203105 0.94444444 0.65       0.55
  0.76470588 0.84210526]
 [0.         0.         0.         0.         0.         0.
  0.         0.        ]
 [0.70588235 0.         0.         1.         0.         0.
  0.         1.        ]
 [0.         0.         0.99028299 0.         0.         0.
  0.         0.        ]
 [0.52941176 0.3        0.52426747 0.         0.         1.
  0.         0.        ]
 [0.94117647 0.         0.         0.         0.         0.
  1.         0.57894737]
 [0.         0.         0.         0.         0.         0.
  0.64705882 0.42105263]
 [0.94117647 0.         0.         0.66666667 0.95       0.
  0.         0.        ]
 [0.         0.         0.52426747 0.         0.         0.5
  0.64705882 0.        ]
 [0.         0.6        0.         0.         0.7        0.9
  0.         0.        ]
 [0.76470588 0.         0.         0.66666667 0.5        0.45
  0.         0.        ]
 [0.35294118 0.2        0.34951164 0.         0.         0.
  0.         0.        ]
 [0.         0.         0.         0.33333333 0.2        0.15
  0.23529412 0.31578947]
 [0.29411765 0.15       0.2912597  0.         0.         0.
  0.         0.        ]
 [0.         0.         0.         0.         1.         0.5
  0.         0.        ]
 [0.64705882 0.5        0.40776359 0.         0.         0.
  0.         0.        ]
 [0.94117647 0.         0.         1.         0.9        0.
  0.         0.        ]
 [0.58823529 0.         0.         0.         0.         0.
  0.82352941 0.47368421]
 [0.         0.         0.         0.33333333 0.3        0.45
  0.58823529 0.52631579]
 [0.         0.6        0.         0.         0.         0.6
  0.47058824 0.42105263]
 [0.         0.         0.         0.         0.         0.
  0.70588235 0.63157895]
 [0.         0.         0.         0.17221627 0.08009147 0.03764671
  0.09223582 0.1602766 ]
 [0.         0.         0.         0.24649611 0.13647223 0.09058037
  0.15856486 0.23064092]
 [0.         0.         0.         0.2525807  0.12583172 0.06546004
  0.10987726 0.16364124]
 [0.         0.         1.         0.90024592 0.         0.
  0.         0.        ]
 [0.70801115 0.         0.         0.         0.97339522 0.
  0.         0.        ]
 [0.41126258 0.46191754 0.         0.         0.         0.
  0.         0.        ]
 [0.40552952 0.40252817 0.         0.34031697 0.3659384  0.6643319
  0.         0.        ]
 [0.         0.89733127 0.         0.         0.         0.
  0.         0.        ]]
Actual Output:
[[0.83333333]
 [0.83333333]
 [0.66666667]
 [0.5       ]
 [0.16666667]
 [0.16666667]
 [0.16666667]
 [0.5       ]
 [0.33333333]
 [0.33333333]
 [0.66666667]
 [0.33333333]
 [0.5       ]
 [0.83333333]
 [0.16666667]
 [0.5       ]
 [0.16666667]
 [0.5       ]
 [0.16666667]
 [0.66666667]
 [0.5       ]
 [0.5       ]
 [0.5       ]
 [0.33333333]
 [0.83333333]
 [0.83333333]
 [0.5       ]
 [0.16666667]
 [0.66666667]
 [0.16666667]
 [0.83333333]
 [0.16666667]]
Predicted Output:
[[0.82179524]
 [0.87578986]
 [0.7204454 ]
 [0.55950896]
 [0.21158781]
 [0.18686756]
 [0.18786158]
 [0.5581785 ]
 [0.43751512]
 [0.37344164]
 [0.73162765]
 [0.3861021 ]
 [0.54574585]
 [0.88056175]
 [0.15212747]
 [0.64204186]
 [0.13466237]
 [0.53350459]
 [0.23131411]
 [0.72113093]
 [0.42337122]
 [0.51971394]
 [0.53249201]
 [0.40664859]
 [0.74375502]
 [0.70067283]
 [0.65619238]
 [0.18966908]
 [0.71775555]
 [0.1531307 ]
 [0.80477164]
 [0.18163934]]
Loss:
0.004224125950586605


Predicted data based on trained weights:
Input (scaled):
[0.95452813 0.64255381 0.         1.         0.8404271  0.
 0.         0.        ]
Output:
[0.52247288]

Process finished with exit code 0