# 99999

Input:
[[0.         0.         0.         0.         0.         0.9
  0.         0.        ]
 [1.         0.         0.         0.72222222 0.5        0.45
  0.58823529 0.68421053]
 [0.         1.         0.82352941 0.55555556 0.65       0.
  0.         0.        ]
 [0.         0.         0.94117647 0.94444444 0.65       0.55
  0.76470588 0.84210526]
 [0.         0.         0.         0.         0.         0.
  0.         0.        ]
 [0.70588235 0.         0.         1.         0.         0.
  0.         1.        ]
 [0.         0.         1.         0.         0.         0.
  0.         0.        ]
 [0.52941176 0.3        0.52941176 0.         0.         1.
  0.         0.        ]
 [0.94117647 0.         0.         0.         0.         0.
  1.         0.57894737]
 [0.         0.         0.         0.         0.         0.
  0.64705882 0.42105263]
 [0.94117647 0.         0.         0.66666667 0.95       0.
  0.         0.        ]
 [0.         0.         0.52941176 0.         0.         0.5
  0.64705882 0.        ]
 [0.         0.6        0.         0.         0.7        0.9
  0.         0.        ]
 [0.76470588 0.         0.         0.66666667 0.5        0.45
  0.         0.        ]
 [0.35294118 0.2        0.35294118 0.         0.         0.
  0.         0.        ]
 [0.         0.         0.         0.33333333 0.2        0.15
  0.23529412 0.31578947]
 [0.29411765 0.15       0.29411765 0.         0.         0.
  0.         0.        ]
 [0.         0.         0.         0.         1.         0.5
  0.         0.        ]
 [0.64705882 0.5        0.41176471 0.         0.         0.
  0.         0.        ]
 [0.94117647 0.         0.         1.         0.9        0.
  0.         0.        ]
 [0.58823529 0.         0.         0.         0.         0.
  0.82352941 0.47368421]
 [0.         0.         0.         0.33333333 0.3        0.45
  0.58823529 0.52631579]
 [0.         0.6        0.         0.         0.         0.6
  0.47058824 0.42105263]
 [0.         0.         0.         0.         0.         0.
  0.70588235 0.63157895]]
Actual Output:
[[0.66666667]
 [0.83333333]
 [0.66666667]
 [0.5       ]
 [0.16666667]
 [0.16666667]
 [0.83333333]
 [0.5       ]
 [0.33333333]
 [0.33333333]
 [0.66666667]
 [0.33333333]
 [0.5       ]
 [0.83333333]
 [0.16666667]
 [0.5       ]
 [0.66666667]
 [0.5       ]
 [0.16666667]
 [0.66666667]
 [0.5       ]
 [0.83333333]
 [0.5       ]
 [0.33333333]]
Predicted Output:
[[0.69607417]
 [0.88935994]
 [0.70464013]
 [0.52009362]
 [0.10795803]
 [0.16973137]
 [0.8407134 ]
 [0.52078883]
 [0.36865703]
 [0.33977238]
 [0.68692175]
 [0.35864628]
 [0.55542433]
 [0.83945924]
 [0.29591822]
 [0.48355975]
 [0.59659421]
 [0.52798506]
 [0.17961215]
 [0.66311243]
 [0.52553799]
 [0.86403942]
 [0.5440121 ]
 [0.35210826]]
Loss:
0.0017490112599767317


Predicted data based on trained weights:
Input (scaled):
[0.95452813 0.64255381 0.         1.         0.8404271  0.
 0.         0.        ]
Output:
[0.97817178]

Process finished with exit code 0
